
7534 1100.0 60
7652 -0.8333333333299999 0.266666666667
23054 -124.0 43
14980 56.35673624288425 7
12837 -18.0 21
978 -178.833333333333 30
3513 4.0 4
15534 120.75 68.5714285714
12831 180.0 36
21881 799.4 240
18638 1500.0 1500
14552 0.3 0.3
21887 840.2 945
1818 60.0 60
5902 400.0 400
17497 15.0 315
20458 16.666666666666668 25
12053 -28.125 15
11062 796000.0 190
7828 4.8 3.072
13693 1203.0 750
18174 9.0 9
6679 21.0 21
6181 250.0 250
923 4000.0 4000
21017 0.8 81920
7686 0.05714285714285714 72
10874 2369.0 2369
12148 0.7291666666643749 1
5726 23005.0 47
13009 1152.0 1152
8509 500.0 320
2339 8.2 9
12042 0.3333333333333333 6
15159 0.34594594594594597 12.75
18333 425.0 42
7395 49.999999999999986 200
6061 88014.70999999999 1449.3
7729 27.041666666666668 2174
19245 3.761904761904762 5
316 20.65853658536585 2.9
6682 3120.0 3120
15563 96.0 150
11959 20.0 20
1120 16.0 16
233 54.666666666720666 12
15688 40.0 40
17147 481.0 481
21323 245.0 320
3456 57.292775000000006 0.47
20787 0.12 0.12
14915 12.0 12
1970 15000.0 15000
12906 0.5384615384615384 0.538461538462
13206 2160.0 30
15150 -1.44 936
581 8.0 8
3416 8.53981128 8.53981128
19230 6248.0 6336
14974 4.5 11
16206 5100.0 5100
9130 -5.75 0.125
3843 49.999999999950006 50
10464 160.000000000064 160
16208 7.0 6000
5364 78500.0 10
22153 -0.0030303030303030303 320
22057 30.000000000000007 13.5
9820 100.0 100
23017 0.47619047619064286 112
14404 7.9866888519134775 180
5413 0.65 0.6
17285 485.833333333245 318
21946 755.3325 126.75
6951 135.375 150
6051 25.0 20
15757 2.9899999999999998 3.05
20445 64.0 440
12348 80.0 80
18952 13.333333333333334 12
4050 -46.199999999999996 46.2
5899 0.9090909090909091 111
4412 200.0 200
15464 0.6351791530944625 61
12813 0.16666666666675 4.29166666667
5701 19.7 15.5
16257 160.0 14
1830 61350.0 61350
17773 5.0 40
10045 36.0 9600
4640 0.42857142857099995 0.428571428571
1688 0.14285714285714285 62
9962 90.60166666666667 120
20647 0.08256880733944955 0.09
15678 0.5 0.5
19222 -1.9 13.6
1888 1.804 6.76
18362 672.0 5600
21301 -277.21774193548384 1.2
11417 0.0 0.333333333333
13907 -34.0 65
22852 384.0 7
11276 2242.0 1229
16422 -17567.0 49
7257 77.999999999976 4
20524 3320.0 470
21203 0.6 100
6155 1.0125 81
9322 1.5 450
4129 52.881844380403464 6
12922 27.0 27
4234 36.1 36.1
7459 4200.0 170
18453 31.999999999992 18
12472 0.42857142857200003 0.428571428571
1329 160.0 160
14341 32.000000000016 32
4084 9230.0 19520
22574 1230.0 15
11350 7.0 7
22726 1008.0 28
14706 1.4 1.4
20302 28.0 28
10437 0.35714285714285715 715
18415 649.999999998 600
22015 89.28571428574999 50
22195 15.135135135135135 11
16997 13499775.0 75
17108 -0.007035175879396985 280
4289 600.0 600
21848 75.0 75
18360 576.0 400
2350 -6.442953020134228 58
3744 0.0016638935108153079 54
10838 0.09090909090909091 0.1